JPad 1208.88 58.4069 783.207
JPad 312.058 721.312 261.903
JPad 495.102 853.662 641.725
JPad 483.007 629.726 217.972
JPad 1127.65 0 -50.4816
JPad 1127.78 116.138 -232.867
JPad 1127.78 212.138 -826.266
JPad -944.469 0 1534.89
JPad -799.323 121.324 1547.86
JPad -609.495 237.375 1547.86
JPad 705.348 368.067 603.885
JPad 660.748 516.147 216.998
Chest 1032.43 131.758 791.883
Chest -629.142 0 84.2335
Chest -1016.81 0 118.373
Chest -1085.37 0 -71.0939
Chest -697.704 0 -105.233
Chest -494.945 0 -419.403
Chest -868.432 0 -396.44
Chest -1126.25 0 -428.823
Chest -760.613 0 -819.259
Chest -1148.28 0 -785.12
Chest -999.904 0 -1299.93
Chest 1045.55 0 528.355
Chest -626.416 0 -1322.9
Chest -223.406 0 -1322.9
Chest 751.701 217.458 -579.69
Chest 1279.91 0 240.234
Chest -931.866 0 1188.69
Chest -566.232 0 798.259
Chest -953.9 0 832.398
Chest -994.776 0 474.669
Chest -1063.34 0 285.203
Chest -286.841 0 262.239
Chest 950 0 1300
Chest 900 0 1300
Chest 850 0 1300
