JPad 1208.88 51.7968 783.207
JPad 312.058 712.462 261.903
JPad 495.102 844.812 641.725
JPad 483.007 623.604 217.972
JPad 1127.65 -5.64326 -50.4816
JPad 1127.78 109.528 -232.867
JPad 1127.78 205.528 -826.266
JPad -944.469 -0.81139 1534.89
JPad -799.323 112.474 1547.86
JPad -609.495 228.525 1547.86
JPad 705.348 359.217 603.885
JPad 660.748 507.297 216.998
Chest 1032.43 127.836 791.883
Chest -629.142 -1.36146 84.2335
Chest -1016.81 -1.36146 118.373
Chest -1085.37 -1.36146 -71.0939
Chest -697.704 -1.36146 -105.233
Chest -494.945 -1.36146 -419.403
Chest -868.432 -1.36146 -396.44
Chest -1126.25 -1.36146 -428.823
Chest -760.613 -1.36146 -819.259
Chest -1148.28 -1.36146 -785.12
Chest -999.904 -1.36146 -1299.93
Chest 1045.55 0.576317 528.355
Chest -626.416 -1.36146 -1322.9
Chest -223.406 -1.36146 -1322.9
Chest 751.701 213.535 -579.69
Chest 1279.91 0.576317 240.234
Chest -931.866 -1.36146 1188.69
Chest -566.232 -1.36146 798.259
Chest -953.9 -1.36146 832.398
Chest -994.776 -1.36146 474.669
Chest -1063.34 -1.36146 285.203
Chest -286.841 -1.36146 262.239
Chest 950 0.008456 1300
Chest 900 0.008456 1300
Chest 850 0.008456 1300
